start=1241.133333
pause=yes
volume=112.000000
sid=1
sub-pos=95
sub-scale=0.500000
sub-ass-vsfilter-aspect-compat=no
