start=3480.520833
speed=1.210000
