start=79.366667
speed=1.331000
