start=281.300000
speed=1.331000
sid=no
