start=358.316292
volume=130.000000
sub-pos=101
