start=11.428095
pause=yes
volume=102.000000
