start=120.120000
pause=yes
volume=120.000000
