start=2336.333000
volume=108.000000
fullscreen=yes
