start=7.080000
speed=1.464100
pause=yes
volume=76.000000
