start=10540.630000
pause=yes
volume=74.000000
