start=7615.149208
pause=yes
volume=130.000000
fullscreen=yes
aid=1
