start=218.010000
deinterlace=yes
aid=1
sid=3
sub-delay=-0.000000
