start=4796.291500
volume=84.000000
fullscreen=yes
sid=1
