start=2030.785000
volume=84.000000
fullscreen=yes
