start=78.000000
pause=yes
volume=102.000000
fullscreen=yes
sid=7
