start=1089.964000
pause=yes
volume=122.000000
aid=2
sid=2
sub-scale=0.900000
