start=1245.533333
speed=1.000000
pause=yes
volume=88.000000
sid=1
sub-delay=-0.100000
sub-pos=96
sub-scale=0.400000
