start=0.816667
speed=1.331000
pause=yes
volume=94.000000
sid=no
sub-pos=101
