start=231.648000
pause=yes
volume=112.000000
fullscreen=yes
aid=2
sid=2
sub-delay=-0.100000
