start=4650.746000
speed=1.371921
pause=yes
volume=130.000000
brightness=1
aid=1
