start=5881.667458
volume=104.000000
fullscreen=yes
