start=0.000000
speed=1.464100
pause=yes
volume=102.000000
