start=0.983333
speed=1.210000
