start=4352.849000
speed=1.100000
pause=yes
volume=125.000000
panscan=0.000000
aid=1
sid=no
