start=5215.167000
volume=58.000000
sid=1
