start=808.933000
volume=62.000000
