start=1.042708
volume=118.000000
fullscreen=yes
