start=343.016667
speed=1.948717
