start=94.166667
volume=114.000000
