start=3441.500000
volume=95.000000
fullscreen=yes
sid=1
