start=9540.855000
volume=86.000000
