start=2411.826083
pause=yes
volume=128.000000
sid=1
