start=6390.092000
volume=82.000000
contrast=-1
sid=1
