start=1460.459000
volume=82.000000
fullscreen=yes
