start=5708.833000
volume=96.000000
fullscreen=yes
sid=1
