start=5.066667
speed=1.464100
