start=2204.803000
speed=1.000000
volume=106.000000
fullscreen=yes
aid=1
sid=2
sub-delay=-0.000000
