start=805.054250
volume=54.000000
fullscreen=yes
