start=6059.250000
volume=81.000000
fullscreen=yes
sid=1
