start=2713.752708
volume=110.000000
sid=no
